0,571
0,570
0,569
0,568
0,567
0,566
0,565
24,38
24,37
0,564
0,563
0,562
0,561
0,560
0,559
0,558
0,557
0,556
0,555
34,118
34,117
34,116
34,115
34,114
34,113
34,112
34,111
34,110
34,109
34,108
34,107
34,106
34,105
34,104
34,103
65,5
65,4
34,102
34,101
34,100
34,99
34,98
34,97
68,3
68,2
68,1
68,0
67,5
67,4
67,3
67,2
67,1
67,0
66,4
66,3
66,2
66,1
66,0
65,3
65,2
65,1
65,0
14,14
64,5
64,4
64,3
64,2
64,1
64,0
63,5
63,4
63,3
63,2
63,1
63,0
62,7
62,6
62,5
62,4
62,3
62,2
62,1
62,0
14,13
61,6
61,5
61,4
61,3
61,2
61,1
61,0
34,96
0,554
0,553
0,552
0,551
0,550
0,549
24,36
0,548
0,547
0,546
0,545
0,544
0,543
0,542
34,95
0,541
60,5
60,4
60,3
60,2
60,1
60,0
14,12
32,10
32,9
59,3
59,2
59,1
59,0
0,540
58,4
58,3
58,2
58,1
58,0
57,9
57,8
57,7
57,6
57,5
57,4
57,3
57,2
0,539
57,1
57,0
0,538
0,537
56,5
56,4
56,3
56,2
56,1
56,0
14,11
55,4
55,3
55,2
0,536
0,535
55,1
55,0
14,10
0,534
54,4
54,3
54,2
54,1
54,0
0,533
0,532
53,5
53,4
53,3
53,2
0,531
53,1
53,0
52,4
52,3
52,2
0,530
52,1
52,0
0,529
0,528
51,3
51,2
0,527
51,1
51,0
0,526
50,5
50,4
50,3
50,2
50,1
50,0
49,3
49,2
49,1
49,0
48,5
48,4
48,3
48,2
48,1
48,0
47,7
47,6
47,5
47,4
47,3
47,2
47,1
47,0
14,9
14,8
0,525
46,5
46,4
46,3
46,2
46,1
46,0
14,7
0,524
0,523
45,4
45,3
45,2
